{
    "frames": [
        {
            "pose": [
                [
                    0.9859495162963867,
                    -0.07155154645442963,
                    0.15094371140003204,
                    -0.037448473274707794
                ],
                [
                    0.07190412282943726,
                    0.9974067211151123,
                    0.0031280675902962685,
                    0.07442370802164078
                ],
                [
                    -0.15077607333660126,
                    0.007769356481730938,
                    0.9885374903678894,
                    -0.23420679569244385
                ],
                [
                    0.0,
                    0.0,
                    0.0,
                    1.0
                ]
            ],
            "focal": 498.4006652832031
        },
        {
            "pose": [
                [
                    0.9860124588012695,
                    -0.07098694145679474,
                    0.15079861879348755,
                    -0.03612406551837921
                ],
                [
                    0.0697246640920639,
                    0.997472882270813,
                    0.01364845409989357,
                    0.0747094452381134
                ],
                [
                    -0.15138640999794006,
                    -0.0029431632719933987,
                    0.9884702563285828,
                    -0.2266208678483963
                ],
                [
                    0.0,
                    0.0,
                    0.0,
                    1.0
                ]
            ],
            "focal": 474.8360595703125
        },
        {
            "pose": [
                [
                    0.9860029816627502,
                    -0.03740362450480461,
                    0.16247747838497162,
                    -0.03537373244762421
                ],
                [
                    0.024593684822320938,
                    0.996479332447052,
                    0.08014950901269913,
                    0.07513730227947235
                ],
                [
                    -0.16490335762500763,
                    -0.07503173500299454,
                    0.9834515452384949,
                    -0.22694021463394165
                ],
                [
                    0.0,
                    0.0,
                    0.0,
                    1.0
                ]
            ],
            "focal": 519.703369140625
        },
        {
            "pose": [
                [
                    0.9918357729911804,
                    -0.005966721102595329,
                    0.1273828148841858,
                    -0.029495060443878174
                ],
                [
                    -0.011058598756790161,
                    0.9911173582077026,
                    0.13252991437911987,
                    0.07184846699237823
                ],
                [
                    -0.12704208493232727,
                    -0.1328565776348114,
                    0.9829596281051636,
                    -0.2161385416984558
                ],
                [
                    0.0,
                    0.0,
                    0.0,
                    1.0
                ]
            ],
            "focal": 512.7786865234375
        },
        {
            "pose": [
                [
                    0.9908672571182251,
                    0.022994978353381157,
                    0.13286656141281128,
                    -0.02901957929134369
                ],
                [
                    -0.02181277982890606,
                    0.9997086524963379,
                    -0.010346544906497002,
                    0.07297895103693008
                ],
                [
                    -0.13306576013565063,
                    0.007353862747550011,
                    0.9910800457000732,
                    -0.2025599330663681
                ],
                [
                    0.0,
                    0.0,
                    0.0,
                    1.0
                ]
            ],
            "focal": 499.4881896972656
        },
        {
            "pose": [
                [
                    0.9911157488822937,
                    0.02940048649907112,
                    0.12971268594264984,
                    -0.027702217921614647
                ],
                [
                    -0.014096498489379883,
                    0.9929894208908081,
                    -0.11736023426055908,
                    0.07521035522222519
                ],
                [
                    -0.1322537511587143,
                    0.11448906362056732,
                    0.9845818281173706,
                    -0.1716533601284027
                ],
                [
                    0.0,
                    0.0,
                    0.0,
                    1.0
                ]
            ],
            "focal": 469.78857421875
        },
        {
            "pose": [
                [
                    0.9901155829429626,
                    0.03307707980275154,
                    0.13629809021949768,
                    -0.025662148371338844
                ],
                [
                    -0.014216103591024876,
                    0.9904559254646301,
                    -0.1370951235294342,
                    0.07188478112220764
                ],
                [
                    -0.1395319402217865,
                    0.1338023841381073,
                    0.9811360239982605,
                    -0.15418072044849396
                ],
                [
                    0.0,
                    0.0,
                    0.0,
                    1.0
                ]
            ],
            "focal": 502.8277893066406
        },
        {
            "pose": [
                [
                    0.995796799659729,
                    0.0012440057471394539,
                    0.09158261120319366,
                    -0.019690340384840965
                ],
                [
                    0.017541013658046722,
                    0.978809118270874,
                    -0.20402269065380096,
                    0.060979120433330536
                ],
                [
                    -0.08989569544792175,
                    0.20477156341075897,
                    0.9746730327606201,
                    -0.14045816659927368
                ],
                [
                    0.0,
                    0.0,
                    0.0,
                    1.0
                ]
            ],
            "focal": 455.39312744140625
        },
        {
            "pose": [
                [
                    0.9929733872413635,
                    0.04166483134031296,
                    0.1107589453458786,
                    -0.01836896874010563
                ],
                [
                    -0.02395649254322052,
                    0.9873637557029724,
                    -0.1566481590270996,
                    0.053188007324934006
                ],
                [
                    -0.11588610708713531,
                    0.15289407968521118,
                    0.9814242124557495,
                    -0.10556531697511673
                ],
                [
                    0.0,
                    0.0,
                    0.0,
                    1.0
                ]
            ],
            "focal": 444.3355712890625
        },
        {
            "pose": [
                [
                    0.9947344064712524,
                    -0.06777805835008621,
                    0.07687340676784515,
                    -0.013864369131624699
                ],
                [
                    0.07770896703004837,
                    0.9878519177436829,
                    -0.13457314670085907,
                    0.04293898120522499
                ],
                [
                    -0.06681843101978302,
                    0.1398382931947708,
                    0.9879172444343567,
                    -0.07352562248706818
                ],
                [
                    0.0,
                    0.0,
                    0.0,
                    1.0
                ]
            ],
            "focal": 367.3364562988281
        },
        {
            "pose": [
                [
                    0.9901248216629028,
                    -0.06980268657207489,
                    0.12157381325960159,
                    -0.01288143452256918
                ],
                [
                    0.08944383263587952,
                    0.9823230504989624,
                    -0.16444134712219238,
                    0.04006471112370491
                ],
                [
                    -0.10794632881879807,
                    0.1736915111541748,
                    0.9788659811019897,
                    -0.050199709832668304
                ],
                [
                    0.0,
                    0.0,
                    0.0,
                    1.0
                ]
            ],
            "focal": 349.1039123535156
        },
        {
            "pose": [
                [
                    0.9870153069496155,
                    -0.059028949588537216,
                    0.14938625693321228,
                    -0.009571520611643791
                ],
                [
                    0.07268401980400085,
                    0.9934951066970825,
                    -0.08766044676303864,
                    0.03684690222144127
                ],
                [
                    -0.1432400345802307,
                    0.09738020598888397,
                    0.9848853945732117,
                    -0.037497423589229584
                ],
                [
                    0.0,
                    0.0,
                    0.0,
                    1.0
                ]
            ],
            "focal": 360.08843994140625
        },
        {
            "pose": [
                [
                    0.9822348356246948,
                    -0.02354108914732933,
                    0.18617412447929382,
                    -0.010173285380005836
                ],
                [
                    0.04650723561644554,
                    0.9916874766349792,
                    -0.11997167021036148,
                    0.03406880423426628
                ],
                [
                    -0.18180227279663086,
                    0.12649878859519958,
                    0.9751647114753723,
                    -0.0453498475253582
                ],
                [
                    0.0,
                    0.0,
                    0.0,
                    1.0
                ]
            ],
            "focal": 529.9644775390625
        },
        {
            "pose": [
                [
                    0.9778180718421936,
                    -0.017366979271173477,
                    0.20873455703258514,
                    -0.006054380908608437
                ],
                [
                    0.05049891397356987,
                    0.9867064952850342,
                    -0.15446719527244568,
                    0.02537248656153679
                ],
                [
                    -0.203277125954628,
                    0.16158169507980347,
                    0.9656965136528015,
                    -0.04506176337599754
                ],
                [
                    0.0,
                    0.0,
                    0.0,
                    1.0
                ]
            ],
            "focal": 498.52545166015625
        },
        {
            "pose": [
                [
                    0.9810641407966614,
                    0.04429265484213829,
                    0.1885508894920349,
                    -0.0025557735934853554
                ],
                [
                    -0.0229276604950428,
                    0.9932138919830322,
                    -0.11402001976966858,
                    0.015843210741877556
                ],
                [
                    -0.19232159852981567,
                    0.10753791034221649,
                    0.9754220247268677,
                    -0.020590506494045258
                ],
                [
                    0.0,
                    0.0,
                    0.0,
                    1.0
                ]
            ],
            "focal": 441.49346923828125
        },
        {
            "pose": [
                [
                    0.9920260906219482,
                    0.08678393065929413,
                    0.0913940891623497,
                    0.00024895445676520467
                ],
                [
                    -0.07823601365089417,
                    0.9925604462623596,
                    -0.09328978508710861,
                    0.007230650633573532
                ],
                [
                    -0.09881020337343216,
                    0.08539558202028275,
                    0.9914354085922241,
                    -0.00457804324105382
                ],
                [
                    0.0,
                    0.0,
                    0.0,
                    1.0
                ]
            ],
            "focal": 418.7479248046875
        },
        {
            "pose": [
                [
                    0.9998403191566467,
                    0.010765462182462215,
                    -0.014257591217756271,
                    0.001874200184829533
                ],
                [
                    -0.010341397486627102,
                    0.9995114803314209,
                    0.029490046203136444,
                    0.0026096482761204243
                ],
                [
                    0.014568101614713669,
                    -0.029337897896766663,
                    0.9994633197784424,
                    -0.0005358484340831637
                ],
                [
                    0.0,
                    0.0,
                    0.0,
                    1.0
                ]
            ],
            "focal": 455.2096252441406
        },
        {
            "pose": [
                [
                    0.9994573593139648,
                    -0.005946866236627102,
                    -0.0323965847492218,
                    0.0
                ],
                [
                    0.006692840717732906,
                    0.9997137784957886,
                    0.02296675741672516,
                    0.0
                ],
                [
                    0.03225073218345642,
                    -0.023171119391918182,
                    0.9992111921310425,
                    0.0
                ],
                [
                    0.0,
                    0.0,
                    0.0,
                    1.0
                ]
            ],
            "focal": 540.650634765625
        },
        {
            "pose": [
                [
                    0.9972491264343262,
                    0.022977294400334358,
                    -0.07047194987535477,
                    0.0018160678446292877
                ],
                [
                    -0.02239583246409893,
                    0.9997084140777588,
                    0.009030120447278023,
                    -0.0021326029673218727
                ],
                [
                    0.07065888494253159,
                    -0.0074270013719797134,
                    0.9974729418754578,
                    0.02614990994334221
                ],
                [
                    0.0,
                    0.0,
                    0.0,
                    1.0
                ]
            ],
            "focal": 470.5633850097656
        },
        {
            "pose": [
                [
                    0.9915585517883301,
                    0.006187777500599623,
                    -0.12951192259788513,
                    0.0020906247664242983
                ],
                [
                    -0.010155592113733292,
                    0.9994983077049255,
                    -0.029998719692230225,
                    -0.00260519259609282
                ],
                [
                    0.129261314868927,
                    0.031060758978128433,
                    0.9911239743232727,
                    0.052270274609327316
                ],
                [
                    0.0,
                    0.0,
                    0.0,
                    1.0
                ]
            ],
            "focal": 413.9696350097656
        },
        {
            "pose": [
                [
                    0.9971709251403809,
                    0.04377369210124016,
                    -0.06110474839806557,
                    -0.0006734117632731795
                ],
                [
                    -0.0435873307287693,
                    0.999039888381958,
                    0.004380139522254467,
                    -0.005449204705655575
                ],
                [
                    0.061237823218107224,
                    -0.0017043552361428738,
                    0.9981216192245483,
                    0.06396958976984024
                ],
                [
                    0.0,
                    0.0,
                    0.0,
                    1.0
                ]
            ],
            "focal": 431.40057373046875
        },
        {
            "pose": [
                [
                    0.9967578649520874,
                    -0.007187495008111,
                    -0.08013742417097092,
                    -0.00029447718407027423
                ],
                [
                    0.010148754343390465,
                    0.99927818775177,
                    0.03660641610622406,
                    -0.014242387376725674
                ],
                [
                    0.07981646806001663,
                    -0.03730102628469467,
                    0.9961113929748535,
                    0.07036716490983963
                ],
                [
                    0.0,
                    0.0,
                    0.0,
                    1.0
                ]
            ],
            "focal": 436.11029052734375
        },
        {
            "pose": [
                [
                    0.9945785403251648,
                    0.021047761663794518,
                    -0.10183646529912949,
                    -0.0015927390195429325
                ],
                [
                    -0.017881186679005623,
                    0.9993309378623962,
                    0.03190835192799568,
                    -0.018348895013332367
                ],
                [
                    0.10243991762399673,
                    -0.029914401471614838,
                    0.9942893981933594,
                    0.0854438915848732
                ],
                [
                    0.0,
                    0.0,
                    0.0,
                    1.0
                ]
            ],
            "focal": 425.0447998046875
        },
        {
            "pose": [
                [
                    0.9811040759086609,
                    -0.09572575986385345,
                    -0.1681414544582367,
                    0.0
                ],
                [
                    0.06217673420906067,
                    0.9789263606071472,
                    -0.19451847672462463,
                    0.0
                ],
                [
                    0.18321850895881653,
                    0.18038836121559143,
                    0.9663804173469543,
                    0.0
                ],
                [
                    0.0,
                    0.0,
                    0.0,
                    1.0
                ]
            ],
            "focal": 527.8742065429688
        }
    ]
}